	GITTstep	OCV [V]	Q [mAh]	I_pol [mA]	t_pol [s]	OCV_slope_final [V/s]	Q_corr [mAh]	t_tot_cum [h]	dU/dt_sd [V/s]	dU/dt_relax [V/s]	I_sd [mA]	U_err, instrument [V]	U_err,sd pos [V]	U_err,relax negative [V]	I_err, instrument [mA]	Q_err, instrument sym [mAh]	Q0_err,instr cumulative shared sym [mAh]	Q_err,sd cumulative shared neg [mAh]	dV pos [V]	dV neg [V]	q [mAh/g]	dq_mass [mAh/g]	q_err_pos tot [mAh/g]	q_err_neg tot [mAh/g]	q_err_pos incl sd [mAh/g]	q_err_neg incl sd [mAh/g]	q_err_pos from instr [mAh/g]	q_err_neg from instr [mAh/g]
0	0.0	3.544461	0.0174961113142718	0.0524446485655837	1200.0001251697	-1.16881292547013e-07	0.133723681314272	2.33333336810269	0.0	-1.16881292547013e-07	0.0	0.0006544461	0.0	0.0012623179595077	0.0001762223242827	5.8740780888068e-05	0.006558740780888	0.011	0.0006544461	0.0019167640595077	25.471177393194665	0.43664875531190855	1.6859327135762894	3.7811708088143843	1.2492839582643809	3.344522053502476	1.2492839582643809	1.2492839582643809
1	1.0	3.553288	0.034992957564642	0.052444848221999	1200.00012516975	-1.47585169937645e-07	0.151220527564642	4.66666673620539	0.0	-1.47585169937645e-07	0.0	0.0006553288	0.0	0.0015939198353265	0.000176222424111	5.87408141641436e-05	0.0066174815950522	0.011	0.0006553288	0.0022492486353265	28.80391001231276	0.4937813144967902	1.7542539992686377	3.849492094506733	1.2604726847718475	3.3557107800099426	1.2604726847718475	1.2604726847718475
2	2.0	3.5615239	0.0524898172445843	0.0524450686093294	1200.00012516975	-1.56642602676005e-07	0.168717387244584	7.00000010430808	0.0	-1.56642602676005e-07	0.0	0.00065615239	0.0	0.0016917401089008	0.0001762225343046	5.87408508953691e-05	0.0066762224459475	0.011	0.00065615239	0.0023478924989008	32.136645189444565	0.5509139175333354	1.8225753358090495	3.917813431047145	1.2716614182757142	3.3668995135138093	1.2716614182757142	1.2716614182757142
3	3.0	3.5699568	0.0699865771512045	0.0524448525275154	1200.0001251697	-1.02382843584755e-07	0.186214147151204	9.33333347241078	0.0	-1.02382843584755e-07	0.0	0.00065699568	0.0	0.0011057347107153	0.0001762224262637	5.87408148817269e-05	0.0067349632608293	0.011	0.00065699568	0.0017627303907153	35.469361362134094	0.6080461947794417	1.8908963396993084	3.9861344349374033	1.2828501449198666	3.3780882401579615	1.2828501449198666	1.2828501449198666
4	4.0	3.5790203	0.0874834312834673	0.0524450476414243	1200.0001251697	-9.24510241542826e-08	0.203711001283467	11.6666668405135	0.0	-9.24510241542826e-08	0.0	0.00065790203	0.0	0.0009984710608662	0.0001762225238207	5.87408474007151e-05	0.00679370410823	0.011	0.00065790203	0.0016563730908662	38.80209548256514	0.6651787797011167	1.9592176574592117	4.054455752697307	1.2940388777580951	3.38927697299619	1.2940388777580951	1.2940388777580951
5	5.0	3.5889111	0.104980354699093	0.0524451741408964	1200.0001251697	-6.39037668141455e-08	0.221207924699093	14.0000002086162	0.0	-6.39037668141455e-08	0.0	0.00065889111	0.0	0.0006901606815927	0.0001762225870704	5.87408684839626e-05	0.0068524449767139	0.011	0.00065889111	0.0013490517915927	42.13484279982724	0.7223115908541813	2.0275392054663524	4.122777300704447	1.3052276146121713	3.400465709850266	1.3052276146121713	1.3052276146121713
6	6.0	3.5995901	0.122477402901997	0.0524457209740135	1200.00012516981	-5.58595019902297e-08	0.238704972901997	16.3333335767189	0.0	-5.58595019902297e-08	0.0	0.00065995901	0.0	0.0006032826214944	0.000176222860487	5.87409596228307e-05	0.0069111859363368	0.011	0.00065995901	0.0012632416314944	45.46761388609466	0.7794448094759086	2.0958611783019654	4.19109927354006	1.316416368826057	3.411654464064152	1.316416368826057	1.316416368826057
7	7.0	3.6107028	0.139974672686338	0.0524463797266771	1200.00012516975	-4.86585939950135e-08	0.256202242686338	18.6666669448216	0.0	-4.86585939950135e-08	0.0	0.00066107028	0.0	0.0005255128151461	0.0001762231898633	5.87410694149499e-05	0.0069699270057517	0.011	0.00066107028	0.0011865830951461	48.80042717835009	0.8365787516288588	2.1641838955815635	4.259421990819659	1.3276051439527048	3.4228432391908	1.3276051439527048	1.3276051439527048
8	8.0	3.6222093	0.157471926630965	0.0524461634276253	1200.0001251697	-7.44601570725034e-08	0.273699496630965	21.0000003129242	0.0	-7.44601570725034e-08	0.0	0.00066222093	0.0	0.000804169696383	0.0001762230817138	5.87410333651013e-05	0.0070286680391168	0.011	0.00066222093	0.001466390626383	52.13323745351714	0.8937126420602939	2.2325065542730176	4.3277446495111125	1.3387939122127237	3.4340320074508184	1.3387939122127237	1.3387939122127237
9	9.0	3.6338341	0.174969328588537	0.052446779230275	1200.0001251697	-7.95332253082298e-08	0.291196898588537	23.3333336810269	0.0	-7.95332253082298e-08	0.0	0.00066338341	0.0	0.0008589588333288	0.0001762233896151	5.8741135998887e-05	0.0070874091751157	0.011	0.00066338341	0.0015223422433288	55.466075921626086	0.9508470157993044	2.3008297158213424	4.396067811059437	1.349982700022038	3.445220795260133	1.349982700022038	1.349982700022038
10	10.0	3.6453407	0.19246676537742	0.0524467025501829	1200.00012516981	-8.7291158249528e-08	0.30869433537742	25.6666670491296	0.0	-8.7291158249528e-08	0.0	0.00066453407	0.0	0.0009427445090949	0.000176223351275	5.8741123218876e-05	0.0071461502983346	0.011	0.00066453407	0.0016072785790949	58.79892102427048	1.0079815032732082	2.3691529886702747	4.46439108390837	1.3611714853970664	3.4564095806351616	1.3611714853970664	1.3611714853970664
11	11.0	3.6564927	0.209964294144335	0.0524470636309316	1200.00012516981	-7.76101432228128e-08	0.326191864144335	28.0000004172323	0.0	-7.76101432228128e-08	0.0	0.00066564927	0.0	0.0008381895468063	0.0001762235318154	5.8741183399007e-05	0.0072048914817336	0.011	0.00066564927	0.0015038388168063	62.13178364653999	1.0651162910835428	2.4374765733185138	4.5327146685566095	1.3723602822349712	3.4675983774730663	1.3723602822349712	1.3723602822349712
12	12.0	3.6672504	0.227461853684924	0.052447075347479	1200.0001251697	-8.40305615924205e-08	0.343689423684924	30.333333785335	0.0	-8.40305615924205e-08	0.0	0.00066672504	0.0	0.0009075300651981	0.0001762235376737	5.87411853517595e-05	0.0072636326670854	0.011	0.00066672504	0.0015742551051981	65.46465213046172	1.1222511793793437	2.5058002588241814	4.601038354062277	1.383549079444838	3.478787174682933	1.383549079444838	1.383549079444838
13	13.0	3.6775355	0.24495943504841	0.0524471434513937	1200.00012516981	-6.92750202881061e-08	0.36118700504841	32.6666671534377	-2.17696662583533e-10	-6.90573236255226e-08	-1.38131008560258e-06	0.00066775355	1.56741597060144e-06	0.0007458190951556	0.0001762235717256	5.87411967024188e-05	0.0073223738637878	0.0110451227968021	0.0006693209659706	0.0014135726451556	68.79752477112571	1.1793861389335836	2.5741240177503073	4.677956931426897	1.3947378788167237	3.498570792493314	1.3947378788167237	1.3947378788167237
14	14.0	3.6871505	0.262456961497168	0.0524469727878543	1200.0001251697	-6.7350987625512e-08	0.378684531497168	35.0000005215404	-1.12645739047553e-09	-6.62245302350365e-08	-7.59312529089022e-06	0.00066871505	8.11049321142382e-06	0.0007152249265383	0.0001762234863939	5.87411682584869e-05	0.0073811150320463	0.0112657593891413	0.0006768255432114	0.0013839399765383	72.13038695184153	1.2365209191744262	2.64244759194515	4.788306523210159	1.4059266727707238	3.551785604035733	1.4059266727707238	1.4059266727707238
15	15.0	3.6962533	0.279954567380003	0.0524474784209215	1200.0001251697	-9.07038613463473e-08	0.396182137380003	37.3333338896431	-2.3146009761359e-09	-8.83892603702114e-08	-1.634798653546e-05	0.00066962533	1.66651270281785e-05	0.0009546040119982	0.0001762237392104	5.87412525306735e-05	0.0074398562845769	0.0116103248397517	0.0006862904570281	0.0016242293419982	75.46326426285772	1.2936559587918468	2.710771441568399	4.92226188723539	1.4171154827765524	3.6286059284435432	1.4171154827765524	1.4171154827765524
16	16.0	3.7050016	0.297452130732271	0.052447083246879	1200.0001251697	-5.75731170851542e-08	0.413679700732271	39.6666672577458	-4.1252313261478705e-09	-5.34478857590063e-08	-3.07361943649878e-05	0.00067050016	2.97016655482647e-05	0.0005772371661972	0.0001762235416234	5.87411866683263e-05	0.0074985974712453	0.0122192023946454	0.0007002018255482	0.0012477373261972	78.79613347281352	1.3507908595339462	2.779095139771146	5.106562262560746	1.4283042802372	3.7557714030267997	1.4283042802372	1.4283042802372
17	17.0	3.7131979	0.314949788747291	0.0524475508316049	1200.00012516981	-7.31294767130895e-08	0.431177358747291	42.0000006258485	-6.5092528093584105e-09	-6.66202239037311e-08	-5.0269575374018e-05	0.00067131979	4.68666202273806e-05	0.0007194984181602	0.0001762237754158	5.87412645991277e-05	0.0075573387358444	0.0131113221971699	0.0007181864102273	0.0013908182081603	82.12902071376972	1.4079260693789095	2.8474191619207	5.344813866143538	1.4394930925417904	3.936887796764628	1.4394930925417904	1.4394930925417904
18	18.0	3.7213156	0.332447602610808	0.0524480147679255	1200.0001251697	-8.86448749276492e-08	0.448675172610808	44.3333339939512	-9.27169093408431e-09	-7.93731839935649e-08	-7.42387800996068e-05	0.00067213156	6.6756174725407e-05	0.0008572303871305	0.0001762240073839	5.87413419218502e-05	0.0076160800777662	0.0142912526334594	0.0007388877347254	0.0015293619471305	85.4619376401539	1.4650617881169241	2.9157437076914383	5.63788706644561	1.4506819195745142	4.172825278328686	1.4506819195745142	1.4506819195745142
19	19.0	3.7289605	0.3499455665661	0.0524482876798988	1200.00012516975	-6.94834737961744e-08	0.4661731365661	46.6666673620539	-1.19817309552731e-08	-5.75017428409013e-08	-9.8728539647771e-05	0.00067289605	8.62684628779661e-05	0.0006210188226817	0.0001762241438399	5.87413874071867e-05	0.0076748214651734	0.0156073319188839	0.0007591645128779	0.0012939148726817	88.79488315544761	1.5221979969505306	2.9840687522216545	5.956893879628111	1.4618707552711236	4.43469588267758	1.4618707552711236	1.4618707552711236
20	20.0	3.7366052	0.367443470834047	0.0524482000664389	1200.00012516975	-8.08730741418716e-08	0.483671040834047	49.0000007301566	-1.45730215499511e-08	-6.63000525919205e-08	-0.0001213571003956	0.00067366052	0.0001049257551596	0.0007160405679927	0.0001762241000332	5.87413728049419e-05	0.0077335628379784	0.0169464980079983	0.0007785862751596	0.0013897010879927	92.12781730172323	1.579334010886684	3.0523935990730457	6.280297981548912	1.4730595881863617	4.700963970662229	1.4730595881863617	1.4730595881863617
21	21.0	3.7440925	0.384941328141025	0.0524479716005918	1200.00012516975	-6.83253075694543e-08	0.501168898141025	51.3333340982593	-1.65125963336289e-08	-5.18127112358254e-08	-0.0001375097726548	0.00067440925	0.0001188906936021	0.0005595772813469	0.0001762239858002	5.87413347272967e-05	0.0077923041727057	0.0180588351014679	0.0007932999436021	0.0012339865313469	95.46074250305239	1.636469871480898	3.1207182853296027	6.560496399894917	1.4842484138487047	4.924026528414019	1.4842484138487047	1.4842484138487047
22	22.0	3.7517371	0.402439221195194	0.0524481645450958	1200.00012516975	-7.31732124579003e-08	0.518666791195194	53.666667466362	-1.78141845452171e-08	-5.53590279126832e-08	-0.0001475573295069	0.00067517371	0.0001282621287255	0.0005978775014569	0.0001762240822725	5.87413668847174e-05	0.0078510455395904	0.0189189101348737	0.0008034358387255	0.0012730512114569	98.79367451337028	1.6936058488006334	3.1890430944369	6.792645024889033	1.4954372456362663	5.0990391760884	1.4954372456362663	1.4954372456362663
23	23.0	3.7593031	0.419937093319109	0.0524480146271995	1200.00012516975	-9.73029406513213e-08	0.536164663319109	56.0000008344647	-1.85014887100999e-08	-7.88014519412214e-08	-0.0001499811323877	0.00067593031	0.0001332107187127	0.0008510556809651	0.0001762240073136	5.87413418983987e-05	0.0079097868814888	0.0193989435388684	0.0008091410287127	0.0015269859909651	102.12660253697312	1.7507417577766822	3.2573678304412157	6.952404694987577	1.5066260726645333	5.201662937210895	1.5066260726645333	1.5066260726645333
24	24.0	3.7673025	0.437434889197163	0.0524478687085304	1200.00012516975	-7.13015832909317e-08	0.553662459197163	58.3333342025673	-1.85902862444732e-08	-5.27112970464585e-08	-0.0001430367989895	0.00067673025	0.0001338500609602	0.0005692820081017	0.0001762239343542	5.8741317578618e-05	0.0079685281990674	0.0193438133987229	0.0008105803109602	0.0012460122581017	105.45951603755483	1.8078774177866543	3.3256923128471114	7.01022819831814	1.517814895060457	5.202350780531486	1.517814895060457	1.517814895060457
25	25.0	3.775696	0.45493265452464	0.052447778285414	1200.00012516975	-8.25419874134366e-08	0.57116022452464	60.66666757067	-1.8018411416683e-08	-6.45235759967536e-08	-0.0001309289958649	0.0006775696	0.0001297325622001	0.0006968546207649	0.0001762238891427	5.8741302508097e-05	0.0080272695015755	0.0189430258675022	0.0008073021622001	0.0013744242207649	108.79242371897904	1.8650129780396407	3.39401669262545	7.0022120959592025	1.5290037145858095	5.137199117919562	1.5290037145858095	1.5290037145858095
26	26.0	3.7846806	0.472430560362552	0.0524480314839215	1200.00012516975	-9.96886773330684e-08	0.588658130362552	63.0000009387727	-1.69280725381658e-08	-8.27606047949026e-08	-0.0001139005893763	0.00067846806	0.0001218821222747	0.0008938145317849	0.0001762240157419	5.87413447078527e-05	0.0080860108462833	0.0181757372376357	0.0008003501822747	0.0015722825917849	112.1253581642956	1.9221489971022105	3.46234153925141	6.924386727372496	1.5401925421491998	5.002237730270285	1.5401925421491998	1.5401925421491998
27	27.0	3.7944927	0.489928298104354	0.052447703008514	1200.00012516952	-8.63393309307951e-08	0.606155868104354	65.3333343068754	-1.57504093300417e-08	-7.05889216007535e-08	-9.64232042828754e-05	0.00067944927	0.0001134029471763	0.0007623603532881	0.0001762238515042	5.87412899619343e-05	0.0081447521362453	0.0172996494403532	0.0007928522171763	0.0014418096232881	115.4582605913055	1.9792844672795231	3.5306658265643422	6.82583714853638	1.551381359284819	4.846552681256856	1.551381359284819	1.551381359284819
28	28.0	3.8053689	0.507426235484446	0.0524483008543193	1200.00012516975	-8.13480970064763e-08	0.623653805484446	67.6666676749781	-1.52697407444807e-08	-6.60783562619956e-08	-8.43275512789877e-05	0.00068053689	0.0001099421333602	0.0007136462476295	0.0001762241504271	5.87413896029237e-05	0.0082034935258482	0.0167061643882399	0.0007904790233602	0.0013941831376295	118.79120104465638	2.0364205893369665	3.5989907847366234	6.781117334877556	1.562570195399657	4.7446967455405895	1.562570195399657	1.562570195399657
29	29.0	3.8174272	0.524924193457363	0.0524482683366135	1200.00012516975	-9.31264987877578e-08	0.641151763457363	70.0000010430808	-1.67580100624712e-08	-7.63684887252866e-08	-8.30912269079756e-05	0.00068174272	0.0001206576724497	0.000824779678233	0.0001762241341683	5.87413841833055e-05	0.0082622349100315	0.0168163859702292	0.0008024003924497	0.0015065223982331	122.12414542045009	2.0935567786362874	3.667315809118478	6.870436946304992	1.5737590304821905	4.776880167668705	1.5737590304821905	1.5737590304821905
30	30.0	3.8309436	0.542422153898687	0.0524482821980275	1200.00012516975	-1.21656115785669e-07	0.658649723898687	72.3333344111835	-2.07790632024825e-08	-1.00877052583186e-07	-9.34407417319105e-05	0.00068309436	0.0001496092550578	0.0010894721678984	0.000176224141099	5.87413864935414e-05	0.008320976296525	0.0177588804193233	0.0008327036150578	0.0017725665278984	125.45709026641657	2.150692975995713	3.7356408420004747	7.118284731395389	1.5849478660047618	4.967591755399676	1.5849478660047618	1.5849478660047618
31	31.0	3.8455238	0.559920026262458	0.05244818657881	1200.00012516975	-1.23395275092857e-07	0.676147596262458	74.6666677792862	-2.53708846924579e-08	-9.80243904003991e-08	-0.0001057793873764	0.00068455238	0.0001826703697856	0.0010586634163243	0.0001762240932894	5.87413705570035e-05	0.0083797176670821	0.018898194375136	0.0008672227497856	0.0017432157963243	128.7900183357063	2.207828885754965	3.8039655842467934	7.403621655701269	1.5961366984918284	5.195792769946304	1.5961366984918284	1.5961366984918284
32	32.0	3.8612468	0.577417974560851	0.0524482412509489	1200.00012516975	-1.61337137971809e-07	0.693645544560851	77.0000011473889	-2.6515681496613e-08	-1.34821456475196e-07	-0.0001044627555242	0.00068612468	0.0001909129067756	0.0014560717299321	0.0001762241206254	5.87413796690276e-05	0.0084384590467511	0.0190436322952255	0.0008770375867756	0.0021421964099321	132.12296086873351	2.264965043464003	3.8722905761784983	7.499649108602402	1.607325532714495	5.234684065138399	1.607325532714495	1.607325532714495
33	33.0	3.8775215	0.594915889886564	0.0524482271702468	1200.00012516975	-1.22684738656554e-07	0.711143459886564	79.3333345154916	-2.37956107615434e-08	-9.88891278950106e-08	-9.14478711075799e-05	0.00068775215	0.0001713283974831	0.0010680025812661	0.0001762241135851	5.87413773222436e-05	0.0084972004240733	0.0182548645493072	0.0008590805474831	0.0017557547312661	135.45589712125027	2.3221010935071478	3.9406154599973	7.417732517008195	1.6185143664901525	5.095631423501048	1.6185143664901525	1.6185143664901525
34	34.0	3.8940327	0.6124137929434	0.0524481954817281	1200.00012516975	-1.05924844929104e-07	0.7286413629434	81.6666678835943	-2.25065653929271e-08	-8.34182795361769e-08	-8.63875871906237e-05	0.00068940327	0.000162047270829	0.0009009174189907	0.0001762240977408	5.87413720408233e-05	0.0085559417961141	0.0180549863923617	0.000851450540829	0.0015903206889907	138.78883103683808	2.379237103488653	4.008940302748481	7.447985329864996	1.6297031992598283	5.068748226376343	1.6297031992598283	1.6297031992598283
35	35.0	3.9103467	0.629911668109178	0.0524481132739027	1200.00012516975	-1.51414324751973e-07	0.746139238109178	84.000001251697	-2.56685265614425e-08	-1.25745798190531e-07	-9.93532140378522e-05	0.00069103467	0.0001848133912423	0.0013580546204577	0.0001762240566369	5.87413583395176e-05	0.0086146831544537	0.0193456701035397	0.0008758480612423	0.0020490892904577	142.12175963984342	2.4363730223973157	4.077265051817068	7.762154595348439	1.6408920294197522	5.325781572951123	1.6408920294197522	1.6408920294197522
36	36.0	3.9265821	0.647409630954514	0.0524483726001023	1200.00012516975	-1.4582568820324e-07	0.763637200954514	86.3333346197997	-2.95310864512607e-08	-1.16294601751979e-07	-0.0001170971372589	0.00069265821	0.000212623822449	0.0012559816989213	0.0001762241863	5.87414015605554e-05	0.0086734245560142	0.0211093863339964	0.000905282032449	0.0019486399089213	145.45470494371696	2.4935092276065767	4.145590095418806	8.166425587608595	1.6520808678122285	5.672916360002018	1.6520808678122285	1.6520808678122285
37	37.0	3.9421475	0.664907543961186	0.0524482231224241	1200.00012516975	-1.56538040435359e-07	0.781135113961186	88.6666679879024	-2.87937201823778e-08	-1.27744320252981e-07	-0.0001180593036405	0.00069421475	0.0002073147853131	0.0013796386587322	0.0001762241115612	5.87413766476065e-05	0.0087321659326618	0.0214679250787825	0.0009015295353131	0.0020738534087322	148.7876407545116	2.550645270077342	4.213914971536733	8.303043557971495	1.6632697014593905	5.752398287894152	1.6632697014593905	1.6632697014593905
38	38.0	3.957319	0.682405543702576	0.0524484823655926	1200.00012516975	-1.00280999791818e-07	0.798633113702576	91.0000013560051	-2.46558679873774e-08	-7.56251318044406e-08	-0.0001057258123502	0.0006957319	0.0001775222495091	0.0008167514234879	0.0001762242411827	5.87414198548057e-05	0.0087909073525166	0.0206210490672354	0.0008732541495091	0.0015124833234879	152.12059308620493	2.6077815957635133	4.282240139100009	8.210059009049608	1.6744585433364951	5.602277413286095	1.6744585433364951	1.6744585433364951
39	39.0	3.9715838	0.699903464631368	0.0524482486554946	1200.00012516975	-1.0395966573078e-07	0.816131034631368	93.3333347241077	-2.12714488251752e-08	-8.26882169056048e-08	-9.45943652204083e-05	0.00069715838	0.0001531544315412	0.0008930327425805	0.0001762241243277	5.87413809031186e-05	0.0088496487334198	0.0198288075521309	0.0008503128115412	0.0015901911225805	155.45353040597485	2.664917664102426	4.350565041896673	8.127480766112082	1.6856473777942476	5.462563102009657	1.6856473777942476	1.6856473777942476
40	40.0	3.985652	0.717401384788315	0.0524481562760631	1200.00012516975	-8.95929501825541e-08	0.833628954788315	95.6666680922104	-2.12833858149679e-08	-6.83095643675862e-08	-9.71344096463864e-05	0.0006985652	0.0001532403778677	0.0007377432951699	0.000176224078138	5.87413655065451e-05	0.0089083900989263	0.0202925253279736	0.0008518055778677	0.0014363084951699	158.78646757872664	2.7220537299210283	4.418889939240323	8.284132858854342	1.696836209319295	5.562079128933314	1.696836209319295	1.696836209319295
41	41.0	3.9992077	0.734899264571404	0.0524481285234216	1200.00012516975	-1.46120175949778e-07	0.851126834571404	98.0000014603131	-2.47884252543336e-08	-1.21331750695444e-07	-0.0001155295198023	0.00069992077	0.0001784766618312	0.0013103829075108	0.0001762240642617	5.87413608811044e-05	0.0089671314598074	0.0223218931093385	0.0008783974318312	0.0020103036775108	162.11939706121981	2.7791896639066254	4.48721470386994	8.739003867553462	1.7080250399633141	5.959814203646837	1.7080250399633141	1.7080250399633141
42	42.0	4.0126843	0.752397277883192	0.0524484378911915	1200.00012516975	-1.0783529317148e-07	0.868624847883192	100.333334828416	-2.9615894051252e-08	-7.8219399120228e-08	-0.000134543648691	0.00070126843	0.000213234437169	0.0008447695104984	0.0001762242189455	5.87414124424048e-05	0.0090258728722498	0.024499212953155	0.000914502867169	0.0015460379404984	165.45235197775085	2.8363260339043004	4.555539914332833	9.222056667314737	1.719213880428533	6.385730633410437	1.719213880428533	1.719213880428533
43	43.0	4.026989	0.769895113982509	0.0524479900523072	1200.00012516975	-1.31529374489958e-07	0.886122683982508	102.666668196519	-3.41836525421726e-08	-9.73457219477854e-08	-0.000146708272975	0.0007026989	0.0002461222983036	0.001051333797036	0.0001762239950261	5.87413378025829e-05	0.0090846142100524	0.0260620495832168	0.0009488211983036	0.001754032697036	168.78527313952534	2.893461825249006	4.623864531925653	9.588064452538378	1.7304027066766476	6.694602627289371	1.7304027066766476	1.7304027066766476
44	44.0	4.0420814	0.787392963547438	0.0524481189984814	1200.00012516975	-1.3572626462668e-07	0.903620533547438	105.000001564621	-3.75309099979703e-08	-9.81953546287098e-08	-0.0001514983819412	0.00070420814	0.0002702225519853	0.00106050982999	0.0001762240594992	5.87413592936142e-05	0.009143355569346	0.0269073303408676	0.0009744306919853	0.00176471796999	172.11819686617866	2.950597660563063	4.692189197581349	9.817394976794224	1.7415915370182855	6.866797316231161	1.7415915370182855	1.7415915370182855
45	45.0	4.0582771	0.804890888273045	0.052448171411123	1200.00012516975	-1.47286698092029e-07	0.921118458273045	107.333334932724	-4.12525767596993e-08	-1.0603412133233e-07	-0.0001545634324301	0.00070582771	0.0002970185526698	0.0011451685103891	0.0001762240857055	5.87413680290553e-05	0.0092020969373751	0.0275898086613773	0.0010028462626698	0.0018509962203891	175.45113490915142	3.007733741299739	4.760514110323568	10.01571576010972	1.7527803690238284	7.00798201880998	1.7527803690238284	1.7527803690238284
46	46.0	4.0758128	0.822388835539062	0.0524483260738993	1200.00012516975	-1.77987641364713e-07	0.938616405539062	109.666668300827	-4.86437204590778e-08	-1.29343920905635e-07	-0.0001712357586613	0.00070758128	0.0003502347873053	0.0013969143457808	0.0001762241630369	5.87413938061874e-05	0.0092608383311812	0.0297788551463574	0.0010578160673053	0.0021044956257808	178.7840772455356	3.064869895637753	4.828839101577029	10.501001986597487	1.763969205939276	7.436132090959733	1.763969205939276	1.763969205939276
47	47.0	4.0940976	0.839886770685054	0.0524482948575972	1200.00012516975	-1.91333758507729e-07	0.956114340685054	112.000001668929	-5.75524291601309e-08	-1.33781329347598e-07	-0.0001954150292135	0.00070940976	0.0004143774899529	0.001444838356954	0.0001762241474287	5.87413886034699e-05	0.0093195797197847	0.0328864835980468	0.0011237872499529	0.002154248116954	182.1170172733436	3.122006010400176	4.897164052263928	11.161256166177603	1.7751580418637523	8.039250155777427	1.7751580418637523	1.7751580418637523
48	48.0	4.1129336	0.857384773788527	0.0524486690551094	1200.00012516975	-1.9196669367747e-07	0.973612343788527	114.333335037032	-6.10281408998872e-08	-1.30938552777583e-07	-0.0002065262972237	0.00071129336	0.0004394026144791	0.0014141363699978	0.0001762243345275	5.87414509697284e-05	0.0093783211707544	0.0346128403344355	0.0011506959744791	0.0021254297299978	185.44997024543372	3.179142347064578	4.965489236732083	11.558411205195988	1.7863468896675048	8.37926885813141	1.7863468896675048	1.7863468896675048
49	49.0	4.1313362	0.874882770930657	0.0524486529167677	1200.00012516975	-1.57649009029001e-07	0.991110340930657	116.666668405135	-5.91937478117916e-08	-9.84552612172094e-08	-0.0002108789995317	0.00071313362	0.0004261949842449	0.0010633168211458	0.0001762243264583	5.87414482800045e-05	0.0094370626190344	0.0356025503119728	0.0011393286042449	0.0017764504411458	188.7829220820299	3.2362786642633696	5.033814401222303	11.815252555883788	1.797535736958933	8.578973891620418	1.797535736958933	1.797535736958933
50	50.0	4.1483989	0.892380805046459	0.0524487584537577	1200.00012516975	-1.96575450169258e-07	1.00860837504646	119.000001773237	-5.56795752044427e-08	-1.40895874964815e-07	-0.0002218813757496	0.00071483989	0.0004008929414719	0.00152167544962	0.0001762243792268	5.87414658695047e-05	0.009495804084904	0.0374038841076562	0.0011157328314719	0.00223651533962	192.1158809612305	3.293415102192523	5.102139689793285	12.22668904363256	1.8087245876007618	8.933273941440037	1.8087245876007618	1.8087245876007618
51	51.0	4.1632552	0.909878986573755	0.0524491149051125	1200.00012516975	-1.47067079323208e-07	1.02610655657376	121.33333514134	-5.03309558471096e-08	-9.67361234760984e-08	-0.0002702483781676	0.00071632552	0.0003623828820991	0.0010447501335418	0.0001762245574525	5.874152527807e-05	0.009554545610182	0.0437901370396179	0.0010787084020991	0.0017610756535418	195.4488679188114	3.3505520214653384	5.170465471023815	13.511443954760557	1.8199134495584761	10.160891933295218	1.8199134495584761	1.8199134495584761
52	52.0	4.173501	0.927377162736714	0.0524490085217077	1200.00012516975	-8.6785586507929e-08	1.04360473273671	123.666668509443	-4.72111378874231e-08	-3.95744486205059e-08	-0.0004112411793393	0.0007173501	0.0003399201927894	0.0004274040451014	0.0001762245042608	5.87415075475007e-05	0.0096132871177295	0.0618568266027946	0.0010572702927894	0.0011447541451014	198.7818538546114	3.40768892322191	5.238791231360862	17.02104391760745	1.8311023081389521	13.613354994385542	1.8311023081389521	1.8311023081389521
53	53.0	4.1796479	0.94487536033126	0.0524490708962638	1200.00012516975	-8.05429306811208e-08	1.06110293033126	126.000001877545	-4.64942269295699e-08	-3.40487037515509e-08	-0.0005233633393149	0.00071796479	0.0003347584338929	0.0003677260005167	0.0001762245354481	5.87415179432611e-05	0.0096720286356728	0.0769437817363256	0.0010527232238929	0.0010856907905167	202.11484387262095	3.4648258949592163	5.307117063658797	19.963075489625577	1.8422911686995809	16.498249594666362	1.8422911686995809	1.8422911686995809
54	54.0	4.1848497	0.962373597698406	0.0524491914080873	1200.00012516975	-7.84437386441679e-08	1.07860116769841	128.333335245648	-4.78338156275741e-08	-3.06099230165938e-08	-0.0005545216356474	0.00071848497	0.0003444034725185	0.0003305871685792	0.000176224595704	5.87415380285671e-05	0.0097307701737013	0.0821636109685141	0.0010628884425185	0.0010490721385792	205.4478414663638	3.521962996566237	5.375443029652199	21.025654642702506	1.8534800330859618	17.503691646136268	1.8534800330859618	1.8534800330859618
55	55.0	4.1905637	0.979871819189772	0.0524492342293209	1200.00012516975	-1.09209173293802e-07	1.09609938918977	130.666668613751	-5.08620164943162e-08	-5.83471567994858e-08	-0.0005101883470327	0.00071905637	0.000366206518759	0.0006301492934344	0.0001762246171146	5.87415451654402e-05	0.0097895117188668	0.077664611672327	0.001085262888759	0.0013492056634344	208.78083603614664	3.5791000463339424	5.443768945165714	20.237028311323236	1.8646688988317714	16.657928264989295	1.8646688988317714	1.8646688988317714
56	56.0	4.1977353	0.997370072153668	0.0524490655782088	1200.00012516975	-1.00124027036388e-07	1.11359764215367	133.000001981854	-5.78007226335048e-08	-4.23233044028832e-08	-0.0004467204907193	0.00071977353	0.0004161652029612	0.0004570916875511	0.0001762245327891	5.87415170569185e-05	0.0098482532359237	0.0704138261510024	0.0011359387329612	0.0011768652175511	212.11383660069902	3.636237198869126	5.512094958092688	18.924252320188383	1.875857759223562	15.288015121319257	1.875857759223562	1.875857759223562
57	57.0	4.2078233	1.01486828529871	0.0524491225153809	1200.00012516975	-1.54963304928545e-07	1.13109585529871	135.333335349956	-7.47197952377154e-08	-8.02435096908296e-08	-0.0004045972359144	0.00072078233	0.0005379825257115	0.0008666299046609	0.0001762245612576	5.87415265464482e-05	0.0099069947624702	0.0657554934096768	0.0012587648557115	0.0015874122346609	215.44682958070666	3.693374221383543	5.580420842806438	18.105276730363926	1.8870466214228951	14.411902508980381	1.8870466214228951	1.8870466214228951
58	58.0	4.2229161	1.03236656191493	0.0524494078554817	1200.00012516975	-2.47189818448596e-07	1.14859413191493	137.666668718059	-1.12379895318455e-07	-1.34809923130141e-07	-0.00040613347797	0.00072229161	0.0008091352462928	0.0014559471698055	0.0001762247039277	5.87415741031366e-05	0.0099657363365733	0.0669110429670129	0.0015314268562928	0.0021782387798055	218.77983465046285	3.7505114511507918	5.64874694383142	18.393707508976735	1.8982354926806284	14.643196057825943	1.8982354926806284	1.8982354926806284
59	59.0	4.2456532	1.04986500598219	0.052449813654116	1200.00012516975	-3.89981275950748e-07	1.16609257598219	140.000002086162	-1.86402049054281e-07	-2.03579226896467e-07	-0.0004530877443752	0.00072456532	0.0013420947531908	0.0021986556504818	0.000176224906827	5.87416417362494e-05	0.0100244779783096	0.0744322851577513	0.0020666600731908	0.0029232209704818	222.11287161565525	3.807649227696947	5.717073604517823	19.894651729803783	1.909424376820876	16.087002502106838	1.909424376820876	1.909424376820876
60	60.0	4.2780056	1.06736339919107	0.0524495744408967	1200.00012516975	-6.11913288978072e-07	1.18359096919107	142.333335454264	-2e-07	-4.11913288978072e-07	-0.0003492870901159	0.00072780056	0.00144	0.0044486635209631	0.0001762247872204	5.87416018673754e-05	0.010083219580177	0.060715196567324	0.00216780056	0.0051764640809631	225.44589889353713	3.8647868381749224	5.78540009154197	17.350199437698922	1.9206132533670475	13.485412599523999	1.9206132533670475	1.9206132533670475
61	61.0	4.3204856	1.0848618556493	0.0524497639494618	1200.00012516975	-8.81409077289496e-07	1.2010894256493	144.666668822367	-2e-07	-6.81409077289496e-07	-0.0002733968001345	0.00073204856	0.00144	0.0073592180347265	0.0001762248819747	5.87416334521395e-05	0.0101419612136291	0.0505514043421616	0.00217204856	0.0080912665947265	228.77893821891428	3.921924655181388	5.8537267911107405	15.482565713427235	1.9318021359293522	11.560641058245846	1.9318021359293522	1.9318021359293522
62	62.0	4.3718319	1.10236024873486	0.0524496679826674	1200.00012516975	-1.32060478049232e-06	1.21858781873486	147.00000219047	-2e-07	-1.12060478049232e-06	-0.0002350522520042	0.00073718319	0.00144	0.0121025316293171	0.0001762248339913	5.87416174576721e-05	0.0102007028310868	0.0455526815594961	0.00217718319	0.0128397148193171	232.11196547330664	3.9790622652566854	5.922053280701791	14.598754530129618	1.9429910154451049	10.619692264872933	1.9429910154451049	1.9429910154451049
63	63.0	4.428143	1.11985867481264	0.052449936022257	1200.00012516975	-1.66816903242133e-06	1.23608624481264	149.333335558572	-2e-07	-1.46816903242133e-06	-0.0002311900944833	0.0007428143	0.00144	0.0158562255501504	0.0001762249680111	5.87416621309417e-05	0.0102594444932177	0.0455243879573001	0.0021828143	0.0165990398501504	235.4449990119314	4.036199983061682	5.99037988653172	14.661691878398406	1.954179903470038	10.625491895336724	1.954179903470038	1.954179903470038
64	64.0	4.4666824	1.13250661660049	0.0524334016790318	867.350090471446	-1.84872278525836e-06	1.24873418660049	151.666668926675	-2e-07	-1.64872278525836e-06	-0.0005148004301134	0.00074666824	0.00144	0.0178062060807903	0.0001762167008395	4.2455992059926e-05	0.0103019004852776	0.0890780663973252	0.00218666824	0.0185528743207903	237.85413078104568	4.077499384817926	6.039766143918421	23.007016886266076	1.9622667591004952	18.92951750144815	1.9622667591004952	1.9622667591004952
65	65.0	4.4720416	1.13662671962703	0.0523103986816343	282.516029469436	-1.52148144320638e-06	1.25285428962703	154.000002294778	-2e-07	-1.32148144320638e-06	-0.0007698476973077	0.00074720416	0.00144	0.0142719995866289	0.0001761551993408	1.3824074302268e-05	0.0103157245595799	0.129556547152023	0.00218720416	0.0150192037466289	238.63891230991047	4.0909527824556084	6.055852698566065	30.733290251332352	1.964899916110457	26.642337468876743	1.964899916110457	1.964899916110457
66	66.0	4.4744849	1.13957384472226	0.0522390488414684	202.078021079418	-1.36420010843451e-06	1.25580141472226	156.33333566288	-2e-07	-1.16420010843451e-06	-0.0007698476973077	0.00074744849	0.00144	0.0125733611710927	0.0001761195244207	9.88607915788618e-06	0.0103256106387378	0.131352858472508	0.00218744849	0.0133208096610927	239.20026947090665	4.100576048072686	6.067359026879886	31.086951116881405	1.9667829788071998	26.98637506880872	1.9667829788071998	1.9667829788071998
67	67.0	4.4757853	1.14202269911809	0.0521872201605021	167.904017514782	-1.23115097237863e-06	1.25825026911809	158.666669030983	-2e-07	-1.03115097237863e-06	-0.0007698476973077	0.00074757853	0.00144	0.0111364305016892	0.0001760936100802	8.21300683087658e-06	0.0103338236455687	0.133149169792993	0.00218757853	0.0118840090316892	239.6667179272552	4.108572307324375	6.07691966838508	31.43866629562184	1.9683473610607045	27.330093988297463	1.9683473610607045	1.9683473610607045
68	68.0	4.4768491	1.14418939940202	0.0521488003090725	148.554015496629	-1.15892975188659e-06	1.26041696940202	161.000002399086	-2e-07	-9.5892975188659e-07	-0.0007698476973077	0.00074768491	0.00144	0.0103564413203752	0.0001760744001545	7.26571088031019e-06	0.010341089356449	0.134945481113479	0.00218768491	0.0111041262303752	240.07942274324188	4.115647247027004	6.08537855301729	31.789279717489485	1.9697313059902857	27.67363247046248	1.9697313059902857	1.9697313059902857
69	69.0	4.4775586	1.14616301075877	0.0521166086111926	135.31401411444	-1.04412387662214e-06	1.26239058075877	163.333335767189	-2e-07	-8.4412387662214e-07	-0.0007698476973077	0.00074775586	0.00144	0.0091165378675191	0.0001760583043055	6.61754329826993e-06	0.0103477068997473	0.136741792433964	0.00218775586	0.0098642937275191	240.4553487159562	4.122091692273536	6.0930834827015925	32.13913918440902	1.970991790428057	28.017047492135482	1.970991790428057	1.970991790428057
70	70.0	4.4781103	1.14799291508353	0.0520875702616804	125.456013086252	-1.03191198021553e-06	1.26422048508353	165.666669135291	-2e-07	-8.3191198021553e-07	-0.0007698476973077	0.00074781103	0.00144	0.0089846493863277	0.0001760437851308	6.13493094753556e-06	0.0103538418306948	0.138538103754449	0.00218781103	0.0097324604163277	240.80390192067236	4.128066890068669	6.10022723877244	32.4884374777151	1.9721603487037713	28.360370587646436	1.9721603487037713	1.9721603487037713
71	71.0	4.4787407	1.14971122588043	0.0520603509900036	117.802012287197	-9.48836211620219e-07	1.26593879588043	168.000002503394	-2e-07	-7.48836211620219e-07	-0.0007698476973077	0.00074787407	0.00144	0.0080874310854983	0.000176030175495	5.76019691571655e-06	0.0103596020276105	0.140334415074934	0.00218787407	0.0088353051554983	241.13119921531998	4.133677700834057	6.1069352299027235	32.837300006080625	1.9732575290686665	28.70362230524657	1.9732575290686665	1.9732575290686665
72	72.0	4.4790559	1.15133954100452	0.052037723243184	111.630011643167	-9.36980473524672e-07	1.26756711100452	170.333335871497	-2e-07	-7.36980473524672e-07	-0.0007698476973077	0.00074790559	0.00144	0.0079593891140664	0.0001760188616215	5.45805210339868e-06	0.0103650600797139	0.142130726395419	0.00218790559	0.0087072947040664	241.4413544770514	4.138994648178024	6.113291806218767	33.18581111963191	1.9742971580407427	29.046816471453884	1.9742971580407427	1.9742971580407427
73	73.0	4.4794106	1.15289428525008	0.052017330822504	106.586011117441	-8.84423486911886e-07	1.26912185525008	172.666669239599	-2e-07	-6.84423486911886e-07	-0.0007698476973077	0.00074794106	0.00144	0.0073917736586483	0.0001760086654112	5.21112821341378e-06	0.0103702712079273	0.143927037715905	0.00218794106	0.0081397147186483	241.73749623811048	4.144071364081894	6.119361117972808	33.53403496862138	1.9752897538909142	29.389963604539485	1.9752897538909142	1.9752897538909142
74	74.0	4.4797258	1.15438235597402	0.0519991154244	102.014010641025	-8.73476566960868e-07	1.27060992597402	175.000002607702	-2e-07	-6.73476566960868e-07	-0.0007698476973077	0.00074797258	0.00144	0.0072735469231773	0.0001759995577122	4.98733909813004e-06	0.0103752585470254	0.14572334903639	0.00218797258	0.0080215195031773	242.0209382807657	4.148930370527412	6.125170093770346	33.88199848165415	1.9762397232429334	29.73306811112674	1.9762397232429334	1.9762397232429334
75	75.0	4.4798832	1.15582029756406	0.0519797978933556	98.5760102821514	-8.42707352200607e-07	1.27204786756406	177.333335975805	-2e-07	-6.42707352200607e-07	-0.0007698476973077	0.00074798832	0.00144	0.0069412394037665	0.0001759898989466	4.81899502447847e-06	0.0103800775420499	0.147519660356875	0.00218798832	0.0076892277237665	242.2948319169638	4.153625690005094	6.1307833170622175	34.22976624218126	1.9771576270571236	30.076140552176167	1.9771576270571236	1.9771576270571236
